Year ended December 31
1990 1989 1988 1987 1986 1985 1984 1983
$6,406.0 $5,671.5 $5,385.4 $4,919.8 $4,476.0 $4,024.5 $3,875.9 $3,764.7

2,259.4 2,062.3 2,020.1 1,896.9 1,720.4 1,545.7 1,528.4 1,548.2
2,452.7 2,109.8 1,880.9 1,681.1 1,465.3 1,313.2 1,252.6 1,227.0
640.1 531.2 472.5 401.0 335.5 286.7 254.8 229.5
-~ -~ -~ -~ -~ -~ -~ -~
1,053.8 968.2 1,011.9 940.8 954.8 878.9 840.1 760.0
61.2 78.8 99.4 60.1 47.1 30.7 2.2 (16.0)
(11.7) (130.5) (7.5) 9.9 (37.0) (28.2) (28.4) (41.4)
49.5 (51.7) 91.9 70.0 10.1 2.5 (26.2) (57.4)

1,103.3 916.5 1,103.8 1,010.8 964.9 881.4 813.9 702.6
297.9 231.3 309.4 317.3 300.7 296.4 296.2 248.4
4.2 4.1 3.1 3.3 4.2 5.3 6.3 5.8
801.2 681.1 791.3 690.2 660.0 579.7 511.4 448.4
-~ -~ -~ -~ -~ -~ -~ -~
$ 801.2 $ 681.1 $ 791.3 $ 690.2 $ 660.0 $ 579.7 $ 511.4 $ 448.4
27.0% 25.2% 28.0% 31.4% 31.2% 33.6% 36.4% 35.4%
64.8% 63.6% 62.5% 61.4% 61.6% 61.6% 60.6% 58.9%
$ 199.9 $ 184.3 $ 176.8 $ 162.0 $ 147.1 $ 129.5 $ 127.3 $ 114.9
547.5 456.5 343.7 258.3 196.1 195.8 182.7 241.8
396.7 364.0 330.1 296.8 269.7 241.2 211.5 183.7

$1,319.0 $1,593.2 $1,750.5 $2,144.1 $1,728.8 $1,708.7 $1,363.9 $1,217.3
2,109.8 1,784.1 1,655.1 1,505.9 1,351.5 1,268.5 1,161.7 1,163.3
9,052.0 8,324.8 7,593.2 6,872.3 5,178.5 4,458.7 4,035.7 3,915.8
193.3 190.6 226.9 248.9 285.4 323.5 341.7 487.4
5,665.8 5,062.1 4,865.9 4,471.2 3,926.1 3,453.4 2,939.6 2,781.3
5,092.0 4,535.8 4,301.1 3,882.4 3,415.2 2,927.3 2,495.5 2,188.2

$ 2.38 $ 2.02 $ 2.35 $ 2.04 $ 1.95 $ 1.72 $ 1.53 $ 1.35
-~ -~ -~ -~ -~ -~ -~ -~
$ 2.38 $ 2.02 $ 2.35 $ 2.04 $ 1.95 $ 1.72 $ 1.53 $ 1.35
$ 40.38 $ 34.75 $ 29.00 $ 23.31 $ 30.50 $ 25.31 $ 21.13 $ 17.88
1.20 1.10 1.00 .90 .82 .74 .66 .58
15.42 13.72 13.00 11.80 10.35 8.93 7.65 6.76

337,152 339,392 338,848 341,126 341,592 341,112 339,288 337,110
42.5 42.1 40.9 40.7 40.0 39.2 39.2 40.9
$ 151 $ 135 $ 132 $ 121 $ 112 $ 103 $ 99 $ 92


53
